seq1	seq2	prob1	prob2	like	lambda1	lambda2	ssr_raw	ssr
gc_e1e2	gc_e1e2	0.99	0.99	0.9801	0.95	1	4923.1	5287.4
gc_e1e2	gc_e1e4	0.99	0.99	0.9801	0.95	0.99	6716.8	7286.7
cnv0	gc_e1e2	0.99	0.99	0.9801	0.95	0.99	11338.9	12301
gc_e1e4	gc_e1e4	0.99	0.99	0.9801	0.95	1	14782.4	15876.4
cnv0	gc_e1e4	0.99	0.99	0.9801	0.95	0.99	19404.6	21051.1
no_sv	gc_e1e2	1	0.99	0.99	1	0.99	33099.1	33771.1
no_sv	gc_e1e4	1	0.99	0.99	1	0.99	37448.7	38209.1
cnv0	cnv0	0.99	0.99	0.9801	0.95	1	40032.7	42995.3
no_sv	cnv0	1	0.99	0.99	1	0.99	49740.9	50750.8
cnv2	gc_e1e2	0.98	0.99	0.9702	0.95	0.99	97241.7	106569.4
cnv2	gc_e1e4	0.98	0.99	0.9702	0.95	0.99	97875.4	107263.8
cnv0	cnv2	0.99	0.98	0.9702	0.95	0.99	101831.5	111599.5
no_sv	no_sv	1	1	1	1	1	119845	119845
dup7b	gc_e1e2	0.99	0.99	0.9801	0.95	0.99	118219.2	128250.4
dup7b	gc_e1e4	0.99	0.99	0.9801	0.95	0.99	125124.8	135742
gc_e1e2	gc_e9	0.99	0.9	0.891	0.95	0.99	115553.7	137894.6
gc_e1e4	gc_e9	0.99	0.9	0.891	0.95	0.99	116187.3	138650.8
cnv0	gc_e9	0.99	0.9	0.891	0.95	0.99	120929.5	144309.7
cnv0	dup7b	0.99	0.99	0.9801	0.95	0.99	145087	157398
no_sv	cnv2	1	0.98	0.98	1	0.99	211145.7	217631.1
no_sv	dup7b	1	0.99	0.99	1	0.99	259171.1	264433.3
no_sv	gc_e9	1	0.9	0.9	1	0.99	251085.6	281802
cnv2	cnv2	0.98	0.98	0.9604	0.95	1	359502.3	394026.9
cnv2	dup7b	0.98	0.99	0.9702	0.95	0.99	373265.8	409070.4
cnv2	gc_e9	0.98	0.9	0.882	0.95	0.99	381252.3	459605.3
dup7b	dup7b	0.99	0.99	0.9801	0.95	1	456791.2	490595.7
dup7b	gc_e9	0.99	0.9	0.891	0.95	0.99	434833.7	518903.6
gc_e9	gc_e9	0.9	0.9	0.81	0.95	1	442820.2	575464.9
