seq1	seq2	prob1	prob2	like	lambda1	lambda2	ssr_raw	ssr
no_sv	gc_e1e2	1	0.99	0.99	1	0.99	8105.3	8269.8
no_sv	gc_e1e4	1	0.99	0.99	1	0.99	10614.2	10829.8
no_sv	cnv0	1	0.99	0.99	1	0.99	16882.6	17225.4
cnv0	gc_e1e2	0.99	0.99	0.9801	0.95	0.99	34921.9	37885.1
no_sv	no_sv	1	1	1	1	1	38410	38410
gc_e1e2	gc_e1e2	0.99	0.99	0.9801	0.95	1	36370.5	39062.1
gc_e1e2	gc_e1e4	0.99	0.99	0.9801	0.95	0.99	36323.5	39405.6
dup7b	gc_e1e2	0.99	0.99	0.9801	0.95	0.99	40847.5	44313.5
cnv0	cnv2	0.99	0.98	0.9702	0.95	0.99	40695.6	44599.3
cnv0	gc_e1e4	0.99	0.99	0.9801	0.95	0.99	41146.8	44638.3
gc_e1e4	gc_e1e4	0.99	0.99	0.9801	0.95	1	42548.4	45697.2
cnv0	gc_e9	0.99	0.9	0.891	0.95	0.99	39087.5	46644.6
cnv2	gc_e1e4	0.98	0.99	0.9702	0.95	0.99	42763.2	46865.2
gc_e1e4	gc_e9	0.99	0.9	0.891	0.95	0.99	40369.1	48174
cnv2	gc_e1e2	0.98	0.99	0.9702	0.95	0.99	43970.3	48188
gc_e1e2	gc_e9	0.99	0.9	0.891	0.95	0.99	41576.2	49614.4
dup7b	gc_e1e4	0.99	0.99	0.9801	0.95	0.99	45912.4	49808.2
cnv0	cnv0	0.99	0.99	0.9801	0.95	1	55751.2	59877.1
cnv0	dup7b	0.99	0.99	0.9801	0.95	0.99	59850.8	64929.3
no_sv	cnv2	1	0.98	0.98	1	0.99	101433	104548.6
no_sv	dup7b	1	0.99	0.99	1	0.99	125358.2	127903.5
no_sv	gc_e9	1	0.9	0.9	1	0.99	120666.9	135428.7
cnv2	dup7b	0.98	0.99	0.9702	0.95	0.99	211175.2	231431.7
cnv2	cnv2	0.98	0.98	0.9604	0.95	1	221512.1	242784.9
cnv2	gc_e9	0.98	0.9	0.882	0.95	0.99	222555.9	268294.5
dup7b	dup7b	0.99	0.99	0.9801	0.95	1	270600.4	290626
dup7b	gc_e9	0.99	0.9	0.891	0.95	0.99	252037.1	300765.5
gc_e9	gc_e9	0.9	0.9	0.81	0.95	1	263417.8	342323.4
