seq1	seq2	prob1	prob2	like	lambda1	lambda2	ssr_raw	ssr
no_sv	no_sv	1	1	1	1	1	7065.7	7065.7
cnv0	gc_e9	0.99	0.9	0.891	0.95	0.99	7604.4	9074.6
dup7b	gc_e1e2	0.99	0.99	0.9801	0.95	0.99	12487	13546.5
gc_e1e4	gc_e9	0.99	0.9	0.891	0.95	0.99	12662.8	15111
dup7b	gc_e1e4	0.99	0.99	0.9801	0.95	0.99	16045.1	17406.5
gc_e1e2	gc_e9	0.99	0.9	0.891	0.95	0.99	15376.7	18349.7
cnv0	dup7b	0.99	0.99	0.9801	0.95	0.99	26206.6	28430.3
no_sv	cnv2	1	0.98	0.98	1	0.99	29095.8	29989.5
cnv0	cnv2	0.99	0.98	0.9702	0.95	0.99	27797.4	30463.8
no_sv	dup7b	1	0.99	0.99	1	0.99	32275	32930.3
no_sv	gc_e9	1	0.9	0.9	1	0.99	29744.8	33383.6
cnv2	gc_e1e4	0.98	0.99	0.9702	0.95	0.99	33641.9	36868.9
cnv2	gc_e1e2	0.98	0.99	0.9702	0.95	0.99	36355.8	39843.1
no_sv	gc_e1e2	1	0.99	0.99	1	0.99	41483.6	42325.9
no_sv	gc_e1e4	1	0.99	0.99	1	0.99	42485.7	43348.3
no_sv	cnv0	1	0.99	0.99	1	0.99	44977.2	45890.5
cnv2	dup7b	0.98	0.99	0.9702	0.95	0.99	77099.2	84494.7
cnv2	gc_e9	0.98	0.9	0.882	0.95	0.99	90640.9	109269
cnv2	cnv2	0.98	0.98	0.9604	0.95	1	108182	118571.2
dup7b	gc_e9	0.99	0.9	0.891	0.95	0.99	99376.1	118589.3
dup7b	dup7b	0.99	0.99	0.9801	0.95	1	115778.4	124346.5
cnv0	gc_e1e2	0.99	0.99	0.9801	0.95	0.99	127739.2	138578.2
cnv0	gc_e1e4	0.99	0.99	0.9801	0.95	0.99	132457.3	143696.7
gc_e1e2	gc_e1e4	0.99	0.99	0.9801	0.95	0.99	132917.7	144196.1
gc_e1e2	gc_e1e2	0.99	0.99	0.9801	0.95	1	134471.6	144423.1
gc_e9	gc_e9	0.9	0.9	0.81	0.95	1	112917.9	146741.9
gc_e1e4	gc_e1e4	0.99	0.99	0.9801	0.95	1	137635.8	147821.4
cnv0	cnv0	0.99	0.99	0.9801	0.95	1	143284.8	153888.5
