seq1	seq2	prob1	prob2	like	lambda1	lambda2	ssr_raw	ssr
gc_e1e2	gc_e1e2	0.99	0.99	0.9801	0.95	1	11335	12173.8
gc_e1e2	gc_e1e4	0.99	0.99	0.9801	0.95	0.99	12256.7	13296.7
cnv0	gc_e1e2	0.99	0.99	0.9801	0.95	0.99	13918.5	15099.5
gc_e1e4	gc_e1e4	0.99	0.99	0.9801	0.95	1	19450.4	20889.8
cnv0	gc_e1e4	0.99	0.99	0.9801	0.95	0.99	21112.2	22903.6
no_sv	gc_e1e2	1	0.99	0.99	1	0.99	40429.4	41250.2
cnv0	cnv0	0.99	0.99	0.9801	0.95	1	38780	41649.9
no_sv	gc_e1e4	1	0.99	0.99	1	0.99	43907.1	44798.6
no_sv	cnv0	1	0.99	0.99	1	0.99	53238.9	54319.8
cnv2	gc_e1e4	0.98	0.99	0.9702	0.95	0.99	112844.3	123668.6
cnv2	gc_e1e2	0.98	0.99	0.9702	0.95	0.99	113082.6	123929.7
cnv0	cnv2	0.99	0.98	0.9702	0.95	0.99	113840.1	124759.9
no_sv	no_sv	1	1	1	1	1	128093.7	128093.7
dup7b	gc_e1e2	0.99	0.99	0.9801	0.95	0.99	127353.3	138159.6
dup7b	gc_e1e4	0.99	0.99	0.9801	0.95	0.99	133387	144705.3
gc_e1e4	gc_e9	0.99	0.9	0.891	0.95	0.99	127265	151870.1
gc_e1e2	gc_e9	0.99	0.9	0.891	0.95	0.99	127503.3	152154.5
cnv0	gc_e9	0.99	0.9	0.891	0.95	0.99	129046.8	153996.4
cnv0	dup7b	0.99	0.99	0.9801	0.95	0.99	150388.8	163149.8
no_sv	cnv2	1	0.98	0.98	1	0.99	227904.9	234905.1
no_sv	dup7b	1	0.99	0.99	1	0.99	269223.7	274690
no_sv	gc_e9	1	0.9	0.9	1	0.99	263953.6	296244.3
cnv2	cnv2	0.98	0.98	0.9604	0.95	1	384772.1	421723.5
cnv2	dup7b	0.98	0.99	0.9702	0.95	0.99	391828.9	429414.2
cnv2	gc_e9	0.98	0.9	0.882	0.95	0.99	402630.8	485377.5
dup7b	dup7b	0.99	0.99	0.9801	0.95	1	468647.6	503329.6
dup7b	gc_e9	0.99	0.9	0.891	0.95	0.99	449505.6	536412.1
gc_e9	gc_e9	0.9	0.9	0.81	0.95	1	460307.6	598190.5
