seq1	seq2	prob1	prob2	like	lambda1	lambda2	ssr_raw	ssr
gc_e1e2	gc_e1e2	0.99	0.99	0.9801	0.95	1	7249.9	7786.4
gc_e1e2	gc_e1e4	0.99	0.99	0.9801	0.95	0.99	8427.2	9142.3
cnv0	gc_e1e2	0.99	0.99	0.9801	0.95	0.99	11704.1	12697.3
gc_e1e4	gc_e1e4	0.99	0.99	0.9801	0.95	1	15876.5	17051.5
cnv0	gc_e1e4	0.99	0.99	0.9801	0.95	0.99	19153.5	20778.7
no_sv	gc_e1e2	1	0.99	0.99	1	0.99	35538.1	36259.6
no_sv	gc_e1e4	1	0.99	0.99	1	0.99	39271.4	40068.8
cnv0	cnv0	0.99	0.99	0.9801	0.95	1	38436.4	41280.9
no_sv	cnv0	1	0.99	0.99	1	0.99	50218.3	51238
cnv2	gc_e1e2	0.98	0.99	0.9702	0.95	0.99	104876.8	114936.8
cnv2	gc_e1e4	0.98	0.99	0.9702	0.95	0.99	104894.1	114955.8
cnv0	cnv2	0.99	0.98	0.9702	0.95	0.99	107505	117817.2
no_sv	no_sv	1	1	1	1	1	122396.3	122396.3
dup7b	gc_e1e2	0.99	0.99	0.9801	0.95	0.99	121306.8	131600
dup7b	gc_e1e4	0.99	0.99	0.9801	0.95	0.99	127596.1	138423
gc_e1e2	gc_e9	0.99	0.9	0.891	0.95	0.99	120016.3	143220
gc_e1e4	gc_e9	0.99	0.9	0.891	0.95	0.99	120033.6	143240.7
cnv0	gc_e9	0.99	0.9	0.891	0.95	0.99	123430.6	147294.4
cnv0	dup7b	0.99	0.99	0.9801	0.95	0.99	146213.1	158619.7
no_sv	cnv2	1	0.98	0.98	1	0.99	218893	225616.3
no_sv	dup7b	1	0.99	0.99	1	0.99	262371	267698.2
no_sv	gc_e9	1	0.9	0.9	1	0.99	255660.5	286936.6
cnv2	cnv2	0.98	0.98	0.9604	0.95	1	372445.7	408213.3
cnv2	dup7b	0.98	0.99	0.9702	0.95	0.99	381661.7	418271.7
cnv2	gc_e9	0.98	0.9	0.882	0.95	0.99	391023.2	471384.3
dup7b	dup7b	0.99	0.99	0.9801	0.95	1	460639.8	494729.1
dup7b	gc_e9	0.99	0.9	0.891	0.95	0.99	440057.3	525137.1
gc_e9	gc_e9	0.9	0.9	0.81	0.95	1	449418.8	584040
