seq1	seq2	prob1	prob2	like	lambda1	lambda2	ssr_raw	ssr
no_sv	gc_e1e2	1	0.99	0.99	1	0.99	13228.1	13496.7
no_sv	gc_e1e4	1	0.99	0.99	1	0.99	14877.4	15179.5
no_sv	cnv0	1	0.99	0.99	1	0.99	19675.4	20074.9
cnv0	gc_e1e2	0.99	0.99	0.9801	0.95	0.99	26070.9	28283.1
gc_e1e2	gc_e1e4	0.99	0.99	0.9801	0.95	0.99	28942.9	31398.7
gc_e1e2	gc_e1e2	0.99	0.99	0.9801	0.95	1	29849.6	32058.6
cnv0	gc_e1e4	0.99	0.99	0.9801	0.95	0.99	31436.2	34103.7
gc_e1e4	gc_e1e4	0.99	0.99	0.9801	0.95	1	34308.2	36847.1
cnv0	cnv0	0.99	0.99	0.9801	0.95	1	44570.2	47868.6
no_sv	no_sv	1	1	1	1	1	55176.6	55176.6
dup7b	gc_e1e2	0.99	0.99	0.9801	0.95	0.99	57864.2	62774.2
cnv0	cnv2	0.99	0.98	0.9702	0.95	0.99	59596.8	65313.5
cnv0	gc_e9	0.99	0.9	0.891	0.95	0.99	55836.2	66631.5
dup7b	gc_e1e4	0.99	0.99	0.9801	0.95	0.99	62069.5	67336.3
cnv2	gc_e1e4	0.98	0.99	0.9702	0.95	0.99	63134.8	69190.8
gc_e1e4	gc_e9	0.99	0.9	0.891	0.95	0.99	58588.2	69915.5
cnv2	gc_e1e2	0.98	0.99	0.9702	0.95	0.99	65201.5	71455.8
gc_e1e2	gc_e9	0.99	0.9	0.891	0.95	0.99	60654.9	72381.8
cnv0	dup7b	0.99	0.99	0.9801	0.95	0.99	74537.6	80862.3
no_sv	cnv2	1	0.98	0.98	1	0.99	134308	138433.3
no_sv	dup7b	1	0.99	0.99	1	0.99	154018.7	157145.9
no_sv	gc_e9	1	0.9	0.9	1	0.99	151389.4	169909.5
cnv2	dup7b	0.98	0.99	0.9702	0.95	0.99	255944.1	280495
cnv2	cnv2	0.98	0.98	0.9604	0.95	1	270495.4	296472.3
cnv2	gc_e9	0.98	0.9	0.882	0.95	0.99	269386.8	324749.8
dup7b	dup7b	0.99	0.99	0.9801	0.95	1	311154.9	334181.7
dup7b	gc_e9	0.99	0.9	0.891	0.95	0.99	294653.5	351621.3
gc_e9	gc_e9	0.9	0.9	0.81	0.95	1	308096.2	400384.9
