seq1	seq2	prob1	prob2	like	lambda1	lambda2	ssr_raw	ssr
no_sv	no_sv	1	1	1	1	1	7342.6	7342.6
cnv0	gc_e9	0.99	0.9	0.891	0.95	0.99	7880.8	9404.4
dup7b	gc_e1e2	0.99	0.99	0.9801	0.95	0.99	12782.4	13867.1
gc_e1e4	gc_e9	0.99	0.9	0.891	0.95	0.99	12902.3	15396.8
dup7b	gc_e1e4	0.99	0.99	0.9801	0.95	0.99	16369.5	17758.5
gc_e1e2	gc_e9	0.99	0.9	0.891	0.95	0.99	15587.2	18600.8
cnv0	dup7b	0.99	0.99	0.9801	0.95	0.99	26568	28822.4
no_sv	cnv2	1	0.98	0.98	1	0.99	28096.7	28959.7
cnv0	cnv2	0.99	0.98	0.9702	0.95	0.99	28157.9	30858.9
no_sv	dup7b	1	0.99	0.99	1	0.99	31276.8	31911.8
no_sv	gc_e9	1	0.9	0.9	1	0.99	28661.6	32167.9
cnv2	gc_e1e4	0.98	0.99	0.9702	0.95	0.99	33965.4	37223.5
cnv2	gc_e1e2	0.98	0.99	0.9702	0.95	0.99	36650.3	40166
no_sv	gc_e1e2	1	0.99	0.99	1	0.99	43054.3	43928.4
no_sv	gc_e1e4	1	0.99	0.99	1	0.99	44085.4	44980.5
no_sv	cnv0	1	0.99	0.99	1	0.99	46613.8	47560.3
cnv2	dup7b	0.98	0.99	0.9702	0.95	0.99	74824.9	82002.3
cnv2	gc_e9	0.98	0.9	0.882	0.95	0.99	88281.7	106424.9
dup7b	gc_e9	0.99	0.9	0.891	0.95	0.99	97017.8	115775
cnv2	cnv2	0.98	0.98	0.9604	0.95	1	105906.8	116077.5
dup7b	dup7b	0.99	0.99	0.9801	0.95	1	113505	121904.8
cnv0	gc_e1e2	0.99	0.99	0.9801	0.95	0.99	130669.4	141757.1
gc_e9	gc_e9	0.9	0.9	0.81	0.95	1	110474.6	143566.7
cnv0	gc_e1e4	0.99	0.99	0.9801	0.95	0.99	135416.5	146907
gc_e1e2	gc_e1e4	0.99	0.99	0.9801	0.95	0.99	135811	147334.9
gc_e1e2	gc_e1e2	0.99	0.99	0.9801	0.95	1	137335.9	147499.3
gc_e1e4	gc_e1e4	0.99	0.99	0.9801	0.95	1	140558.1	150960
cnv0	cnv0	0.99	0.99	0.9801	0.95	1	146281	157106.4
