seq1	seq2	prob1	prob2	like	lambda1	lambda2	ssr_raw	ssr
gc_e1e2	gc_e1e2	0.99	0.99	0.9801	0.95	1	13207.3	14184.7
gc_e1e2	gc_e1e4	0.99	0.99	0.9801	0.95	0.99	13828.7	15002.1
cnv0	gc_e1e2	0.99	0.99	0.9801	0.95	0.99	14895.8	16159.8
gc_e1e4	gc_e1e4	0.99	0.99	0.9801	0.95	1	20722	22255.5
cnv0	gc_e1e4	0.99	0.99	0.9801	0.95	0.99	21789.2	23638
cnv0	cnv0	0.99	0.99	0.9801	0.95	1	38862.3	41738.3
no_sv	gc_e1e2	1	0.99	0.99	1	0.99	42312.7	43171.8
no_sv	gc_e1e4	1	0.99	0.99	1	0.99	45490	46413.6
no_sv	cnv0	1	0.99	0.99	1	0.99	54227.1	55328.2
cnv2	gc_e1e4	0.98	0.99	0.9702	0.95	0.99	116892.6	128105.2
cnv0	cnv2	0.99	0.98	0.9702	0.95	0.99	117293.7	128544.9
cnv2	gc_e1e2	0.98	0.99	0.9702	0.95	0.99	117431.2	128695.6
no_sv	no_sv	1	1	1	1	1	129988	129988
dup7b	gc_e1e2	0.99	0.99	0.9801	0.95	0.99	129501.7	140490.3
dup7b	gc_e1e4	0.99	0.99	0.9801	0.95	0.99	135235.1	146710.1
gc_e1e4	gc_e9	0.99	0.9	0.891	0.95	0.99	129733	154815.3
gc_e1e2	gc_e9	0.99	0.9	0.891	0.95	0.99	130271.6	155458.1
cnv0	gc_e9	0.99	0.9	0.891	0.95	0.99	130920.1	156231.9
cnv0	dup7b	0.99	0.99	0.9801	0.95	0.99	151642.2	164509.5
no_sv	cnv2	1	0.98	0.98	1	0.99	232264.6	239398.6
no_sv	dup7b	1	0.99	0.99	1	0.99	271383	276893.2
no_sv	gc_e9	1	0.9	0.9	1	0.99	266733	299363.6
cnv2	cnv2	0.98	0.98	0.9604	0.95	1	391597.1	429204
cnv2	dup7b	0.98	0.99	0.9702	0.95	0.99	396453.6	434482.5
cnv2	gc_e9	0.98	0.9	0.882	0.95	0.99	407875.5	491700.1
dup7b	dup7b	0.99	0.99	0.9801	0.95	1	471072.1	505933.4
dup7b	gc_e9	0.99	0.9	0.891	0.95	0.99	452550	540045.1
gc_e9	gc_e9	0.9	0.9	0.81	0.95	1	463971.9	602952.4
